 neutron
 L =           0
 1 | -43.90238 |
 2 | -17.66519 |
 3 |   0.07035 |
 4 |   0.29729 |
 5 |   0.70328 |
 6 |   1.29826 |
 
 L =           1
 1 | -33.09945 |
 2 |  -6.26933 |
 3 |   0.16920 |
 4 |   0.50926 |
 5 |   1.03277 |
 6 |   1.74393 |
 
 L =           2
 1 | -21.55620 |
 2 |   0.27415 |
 3 |   0.67522 |
 4 |   1.19093 |
 5 |   1.72628 |
 
 L =           3
 1 | -9.63358 |
 2 |  0.40380 |
 3 |  0.89725 |
 4 |  1.55077 |
 
 L =           4
 1 |  0.55367 |
 2 |  1.13285 |
 3 |  1.86702 |
 
 L =           5
 1 |  0.72383 |
 2 |  1.39034 |
 
 L =           6
 1 |  0.91393 |
 2 |  1.66918 |
 
 L =           7
 1 | -57.00000 |
 2 |   1.12370 |
 3 |   1.96915 |
 
 L =           8
 1 | -57.00000 |
 2 |   1.35291 |
 
 L =           9
 1 | -57.00000 |
 2 |   1.60137 |
 
 L =          10
 1 | -57.00000 |
 2 | -57.00000 |
 3 |   1.86893 |
 
 L =           1
 1 | -30.61756 |
 2 |  -4.08718 |
 3 |   0.17001 |
 4 |   0.51424 |
 5 |   1.04627 |
 6 |   1.76938 |
 
 L =           2
 1 | -16.56127 |
 2 |   0.27451 |
 3 |   0.68157 |
 4 |   1.24172 |
 5 |   1.94014 |
 
 L =           3
 1 | -2.21802 |
 2 |  0.40381 |
 3 |  0.89750 |
 4 |  1.55245 |
 
 L =           4
 1 |  0.55367 |
 2 |  1.13293 |
 3 |  1.87031 |
 
 L =           5
 1 |  0.72383 |
 2 |  1.39034 |
 
 L =           6
 1 |  0.91393 |
 2 |  1.66918 |
 
 L =           7
 1 | -57.00000 |
 2 |   1.12370 |
 3 |   1.96915 |
 
 L =           8
 1 | -57.00000 |
 2 |   1.35291 |
 
 L =           9
 1 | -57.00000 |
 2 |   1.60137 |
 
 L =          10
 1 | -57.00000 |
 2 | -57.00000 |
 3 |   1.86893 |
 
 proton
 L =           0
 1 | -34.92137 |
 2 |  -9.82055 |
 3 |   0.98448 |
 4 |   1.52832 |
 
 L =           1
 1 | -24.71047 |
 2 |   0.50990 |
 3 |   1.01985 |
 4 |   1.58970 |
 
 L =           2
 1 | -13.73589 |
 2 |   1.08817 |
 3 |   1.70130 |
 
 L =           3
 1 | -2.41553 |
 2 |  1.18653 |
 3 |  1.85682 |
 
 L =           4
 1 |  1.31213 |
 
 L =           5
 1 |  1.46281 |
 
 L =           6
 1 |  1.63701 |
 
 L =           7
 1 | -57.00000 |
 2 |   1.83358 |
 
 L =           8
 1 | -57.00000 |
 
 L =           9
 1 | -57.00000 |
 
 L =          10
 1 | -57.00000 |
 2 | -57.00000 |
 
 L =           1
 1 | -22.16356 |
 2 |   1.01978 |
 3 |   1.58756 |
 
 L =           2
 1 | -8.68445 |
 2 |  1.08817 |
 3 |  1.70132 |
 
 L =           3
 1 |  1.18653 |
 2 |  1.85681 |
 
 L =           4
 1 |  1.31213 |
 
 L =           5
 1 |  1.46281 |
 
 L =           6
 1 |  1.63701 |
 
 L =           7
 1 | -57.00000 |
 2 |   1.83358 |
 
 L =           8
 1 | -57.00000 |
 
 L =           9
 1 | -57.00000 |
 
 L =          10
 1 | -57.00000 |
 2 | -57.00000 |
 
