 neutron
 L=           0 n=           9
 L =           0
 1 | -43.90238 |
 2 | -17.66519 |
 3 |   0.02881 |
 4 |   0.11750 |
 5 |   0.27043 |
 6 |   0.49100 |
 7 |   0.78105 |
 8 |   1.14138 |
 9 |   1.57224 |
 
 L=           1 n=           9
 L =           1
 1 | -33.09942 |
 2 |  -6.26927 |
 3 |   0.06565 |
 4 |   0.19513 |
 5 |   0.39144 |
 6 |   0.65602 |
 7 |   0.98983 |
 8 |   1.39336 |
 9 |   1.86673 |
 
 L=           2 n=           8
 L =           2
 1 | -21.55620 |
 2 |   0.10760 |
 3 |   0.26771 |
 4 |   0.49008 |
 5 |   0.77146 |
 6 |   1.10194 |
 7 |   1.45917 |
 8 |   1.83364 |
 
 L=           3 n=           7
 L =           3
 1 | -9.63358 |
 2 |  0.15821 |
 3 |  0.35158 |
 4 |  0.60791 |
 5 |  0.92786 |
 6 |  1.31152 |
 7 |  1.75872 |
 
 L=           4 n=           0
 L=           1 n=           9
 L =           1
 1 | -30.61753 |
 2 |  -4.08713 |
 3 |   0.06573 |
 4 |   0.19576 |
 5 |   0.39345 |
 6 |   0.66042 |
 7 |   0.99758 |
 8 |   1.40526 |
 9 |   1.88338 |
 
 L=           2 n=           8
 L =           2
 1 | -16.56127 |
 2 |   0.10762 |
 3 |   0.26791 |
 4 |   0.49142 |
 5 |   0.77764 |
 6 |   1.12513 |
 7 |   1.53147 |
 8 |   1.99339 |
 
 L=           3 n=           7
 L =           3
 1 | -2.21802 |
 2 |  0.15821 |
 3 |  0.35159 |
 4 |  0.60795 |
 5 |  0.92804 |
 6 |  1.31210 |
 7 |  1.76029 |
 
 L=           4 n=           0
 proton
 L=           0 n=           7
 L =           0
 1 | -34.92137 |
 2 |  -9.82055 |
 3 |   0.56518 |
 4 |   0.82411 |
 5 |   1.11835 |
 6 |   1.45690 |
 7 |   1.84406 |
 
 L=           1 n=           7
 L =           1
 1 | -24.71045 |
 2 |   0.50995 |
 3 |   0.57764 |
 4 |   0.84405 |
 5 |   1.14720 |
 6 |   1.49652 |
 7 |   1.89707 |
 
 L=           2 n=           6
 L =           2
 1 | -13.73589 |
 2 |   0.60212 |
 3 |   0.88244 |
 4 |   1.20137 |
 5 |   1.56822 |
 6 |   1.98725 |
 
 L=           3 n=           5
 L =           3
 1 | -2.41553 |
 2 |  0.63794 |
 3 |  0.93720 |
 4 |  1.27681 |
 5 |  1.66612 |
 
 L=           4 n=           0
 L=           1 n=           6
 L =           1
 1 | -22.16354 |
 2 |   0.57764 |
 3 |   0.84404 |
 4 |   1.14711 |
 5 |   1.49570 |
 6 |   1.89076 |
 
 L=           2 n=           6
 L =           2
 1 | -8.68445 |
 2 |  0.60212 |
 3 |  0.88244 |
 4 |  1.20137 |
 5 |  1.56823 |
 6 |  1.98730 |
 
 L=           3 n=           4
 L =           3
 1 |  0.63794 |
 2 |  0.93720 |
 3 |  1.27680 |
 4 |  1.66612 |
 
 L=           4 n=           0
