 neutron
 L=           0 n=           9
 L =           0
 1 | -43.90238 |
 2 | -17.66519 |
 3 |   0.02883 |
 4 |   0.11756 |
 5 |   0.27056 |
 6 |   0.49125 |
 7 |   0.78146 |
 8 |   1.14197 |
 9 |   1.57306 |
 
 L=           1 n=           9
 L =           1
 1 | -33.09943 |
 2 |  -6.26928 |
 3 |   0.06568 |
 4 |   0.19523 |
 5 |   0.39164 |
 6 |   0.65635 |
 7 |   0.99034 |
 8 |   1.39408 |
 9 |   1.86770 |
 
 L=           2 n=           8
 L =           2
 1 | -21.55620 |
 2 |   0.10766 |
 3 |   0.26784 |
 4 |   0.49032 |
 5 |   0.77184 |
 6 |   1.10245 |
 7 |   1.45978 |
 8 |   1.83439 |
 
 L=           3 n=           7
 L =           3
 1 | -9.63358 |
 2 |  0.15829 |
 3 |  0.35176 |
 4 |  0.60821 |
 5 |  0.92833 |
 6 |  1.31217 |
 7 |  1.75960 |
 
 L=           4 n=           0
 L=           1 n=           9
 L =           1
 1 | -30.61753 |
 2 |  -4.08714 |
 3 |   0.06576 |
 4 |   0.19586 |
 5 |   0.39365 |
 6 |   0.66076 |
 7 |   0.99810 |
 8 |   1.40599 |
 9 |   1.88437 |
 
 L=           2 n=           8
 L =           2
 1 | -16.56127 |
 2 |   0.10767 |
 3 |   0.26804 |
 4 |   0.49166 |
 5 |   0.77803 |
 6 |   1.12569 |
 7 |   1.53221 |
 8 |   1.99435 |
 
 L=           3 n=           7
 L =           3
 1 | -2.21802 |
 2 |  0.15829 |
 3 |  0.35176 |
 4 |  0.60825 |
 5 |  0.92850 |
 6 |  1.31275 |
 7 |  1.76117 |
 
 L=           4 n=           0
 proton
 L=           0 n=           7
 L =           0
 1 | -34.92137 |
 2 |  -9.82055 |
 3 |   0.56535 |
 4 |   0.82438 |
 5 |   1.11873 |
 6 |   1.45743 |
 7 |   1.84477 |
 
 L=           1 n=           7
 L =           1
 1 | -24.71045 |
 2 |   0.50994 |
 3 |   0.57781 |
 4 |   0.84433 |
 5 |   1.14761 |
 6 |   1.49708 |
 7 |   1.89781 |
 
 L=           2 n=           6
 L =           2
 1 | -13.73589 |
 2 |   0.60230 |
 3 |   0.88274 |
 4 |   1.20181 |
 5 |   1.56882 |
 6 |   1.98805 |
 
 L=           3 n=           5
 L =           3
 1 | -2.41553 |
 2 |  0.63815 |
 3 |  0.93753 |
 4 |  1.27729 |
 5 |  1.66678 |
 
 L=           4 n=           0
 L=           1 n=           6
 L =           1
 1 | -22.16354 |
 2 |   0.57781 |
 3 |   0.84432 |
 4 |   1.14751 |
 5 |   1.49626 |
 6 |   1.89148 |
 
 L=           2 n=           6
 L =           2
 1 | -8.68445 |
 2 |  0.60230 |
 3 |  0.88274 |
 4 |  1.20181 |
 5 |  1.56883 |
 6 |  1.98810 |
 
 L=           3 n=           4
 L =           3
 1 |  0.63815 |
 2 |  0.93753 |
 3 |  1.27729 |
 4 |  1.66678 |
 
 L=           4 n=           0
